0.193677443513 0.664166436623
0.977570611944 0.0520618196388
0.0717713087834 0.845147636064
0.74044840323 0.220922849099
0.873922967738 0.145520768207
0.777823995177 0.169514005158
0.162846165549 0.691692811861
0.73329566567 0.229154997818
0.496575025769 0.364897791202
0.0491755575767 0.900664791796
0.210688949548 0.637327062455
0.424568015345 0.426049182784
0.653254254979 0.253751808652
0.638070651894 0.269721769557
0.248067505672 0.617851719919
0.626487402345 0.291136843009
0.109432573425 0.783066704886
0.532145830663 0.343031112052
0.253333274868 0.584928082835
0.153500993096 0.737148856075
0.461470230437 0.402084551293
0.525740465662 0.346014159577
0.550981134778 0.31846752079
0.000177734482349 1.12312044442
0.0274908250503 0.938864100073
0.50480450708 0.350408014412
0.00432625569192 1.05018874964
0.234704001006 0.623141724482
0.757710367472 0.195044394533
0.619906325697 0.296588774001
0.298331705941 0.520867049734
0.0308346238962 0.917204720323
0.363325905684 0.500028400194
0.905512703805 0.0955927364084
0.123286336084 0.765874120865
0.688354419679 0.242370296857
0.0601489112232 0.861247689516
0.570918512469 0.307640198736
0.0124972914491 1.03609932718
0.112456323568 0.772751299834
0.247778775958 0.619078739106
